asgiref=3.11.0
bzip2=1.0.8
ca-certificates=2025.11.12
django=5.2.9
django-cors-headers=4.9.0
libexpat=2.7.3
libffi=3.5.2
liblzma=5.8.1
libsqlite=3.51.1
libzlib=1.3.1
openssl=3.6.0
pymysql=1.1.2
setuptools=80.9.0
sqlparse=0.5.4
tk=8.6.13
typing_extensions=4.15.0
tzdata=2025c
ucrt=10.0.26100.0
vc=14.3
vc14_runtime=14.44.35208
vcomp14=14.44.35208
wheel=0.45.1
